This line is a comment block.
This line is a comment block.
This line is a comment block.
This line is a comment block.
This line is a comment block.
This line is a comment block.
This line is a comment block.
aa27bd4bf6a0e3bf098969804818f2065b3222bd256ae142838d50d28f86884e 33 33 657 234
792e10f17876ff460f022f30589d8953b511b4557511562a751dc2efc8ea25d0 26 26 1465 291
ee4bb4076e8562ce7b0592931586a95631e97725909dff6758932d2803041e1e 41 38 2680 1294
8f9ac0532a1f3de536d4f37165e90d1989ced11c0cf64dd5dd6b3bb0f9edf266 76 70 1007 326
2fbfa075ddd5292bdab1b6ba9eddd02917ef48b244876c73a344c02b10238795 10 10 7376 14
f20138f110338a3dcaafad54c0f6059721447ae46069206ff6ead9d9079a4e17 30 30 11554 1617
a4e66b94315df36e54235cb3cd9c4142ea38c6d66ee775b32827357a17c4b283 6 3 26 20
833de0171f56ccc59218dac279d1d01537b374a817bf803fc49b63d00b60946b 4 4 1148 8
d410fb1a8aa2e818e8393709b2dec4701e8ede05d72ca61cab194528441dc695 31 31 3459 1727
b2845cee9085760d2de9469cfa7287c788a4a2fffdbf3d8815eaabd6f74fa0ea 63 63 5458 3031
fbeed0713aa50c3a8c167b793b5a5bbc60b88feb82cd647f608c345ef7ca1851 4 4 5084 0
7d9b51f97e22845577a33f83770db2eaab68ef547b7cbc0c0805cd9d3f441571 82 82 33050 4613
8a39362c006e0e85e6a1f4cc1aa3c1363b91809d7e95ebda586cf3a04e306b70 72 72 39585 19754
e0a36f0b844f65e105ae8827d480630e548a521631ddedfe7318a2f75f3cd10a 91 91 180525 5393
2ce9d62a1ef3a653ce9a5f44ef85c0daeccaed2b2fb5dfd60142e9451db469b2 307 137 14312 2823
de207c7e90b7732d0fb634bb263cf70542840a3901a83c987bbcfac7fb73e72f 6 6 299 6
3d345d74179219d8a9fe70d8eddf648f1fe0642b1cfdeca0c949206ea767c6b0 76 49 2304 1148
cd0097b6f4d05c7dc82dc283e5664e449c476c0d3b491100d61c114c1d4c3fdb 118 118 7580 1009
a922459af650ab583c92bb29446497af2f303bc6969dfa041c0ac0915413543b 76 49 2304 1148
e5f27f13d95be8f93e1d1494ade97f9079d06950155c8b9427b9dfe088b7092a 80 80 437090 282744
efaa1f544974a29f82e4d07d305e1ab72bab8957e79b31afdf59c789daf25315 12 12 486 48
015169cbc026a7aebacc866a15a9c1a0a6556071f9038dbfc2ce0196a411de35 14 5 2186 4
336c8b065b79c56a5dcc4cdc4d0b3fa60939d276d1c37a31949c94d6e5553bac 20 20 378903 3202
10589b37e9605ff5f109dc9ad7522f39ff5317958ad5496d1e67d91a4ab0df7c 5 5 271 21
f3c9e947b050df3e43b49efcfcea56e6b6c968dbd9642f38091f33d92ed9f07d 8 8 424617 212196
a2816f95acd8f120b13bcdb5c2e9bbec67ba74efecfff59c3ef5a3db496f88ff 2 2 264 0
b7a4c488ee92ea14b50f73fc827e0a685f4a7a45720930d6bed25b0c3779fae6 3 3 546 10
a7d4aead0f576f781dbfc387c7f282364128b057f55242a8555ad367a980f4b9 4 4 471 2
c8d23353a99f1c3073a27fb0fe987f273cf72e78fb8488c5c72204932bc9e152 1 1 475 0
e9926efbf0e4da98e239aa3a97d81e2cea78de9ceeb5b227ed8957eda290d5cc 17 17 3783 206
dfa53226911384a9ee12d05b7247777542bbd882ee7cef6c8d62b01cbb0f9015 1 1 95506 0
84f897a4a4f3a299fee4306029015c7897378248f2fb1c6f3369f25a5c2123cb 5 5 2132 3
6cde3fde6aab009273f10ec340127924a6d149e1c2dd584461cac7b5e8c1eeed 3 3 1229 16
c99d55732919515e061243bc5a82739a9099c5adc85eeeb12c75d7c918a28ed5 1 1 971 0
bb0501a1add5ae326d5e4391bb2cff5427c74d410a020c332e159fb7df750947 4 4 1212 61
42f9cc67c38c0110db71e8a38c6231902c4027e42867450e800c51645a8807ef 2 2 1152 7
94ddc012427645a6445de9562ffa557c22aa45e502472a895310be0b7c80747f 1 1 1158 0
1dd131b9ad547bc863023765a680188f65f9158cd90e1731ea1a412174cc1887 1 1 1183 0
a6b84013c44ba7c4e67cb2b66453caea978178153306a5325ec9745c226c1ebe 1 1 1120 0
afe9dd97116da7fb69f54bf939084930aeaaad8de45e3decab40c105535b7039 1 1 1162 0
072868a703c49c9b2e5535c00faf1351150ea6e5b77fc453b306788e5326d926 1 1 1138 0
3985493f69415ea367434980a9b1b0ec2d326fc82e2279736469a3a394991895 1 1 1080 0
3350a5794f8f8739029a4251f69885f95313a3cdfa0869b5ae23dd55e65bed62 1 1 1133 0
5743a38b8df4d7e36518ebf4e38a5d7816d35814ad1f705a41b485600ed99391 1 1 1264 0
f0946a718947a835e1a4bec88020519e6d57e7240e9b24414b8c08a322791de0 1 1 1738 0
31ce9a9a2f3017e33c0bf0b4e4c159c78af5fcf74a80dae72407756fdd0df588 1 1 2016 0
c6fa0b86ec0b2913e226d7e892c5e77a69a2e1ba93a81c2e1e57b113e623a247 1 1 1237 0
69347f35d5c87f0afa23a6a297ad6a24ed26a502ef44ca8b26f47baab9318c51 1 1 1871 0
c0f60977201479f26b2db34234a0b24013e3a7474d01396c3db9e705a388b730 1 1 1153 0
c337f0c26adc60402cd8ba17730b90ee58f5ab27635a3331ea8468c7cb903172 1 1 1314 0
5e86f76c29c4657bcbc01c245beeefd9535365e9055159124ad9e9f733638a0b 54 38 11894 4582
cd30de3788946c5ac5821be475a72f2feeb1bbb6bc0558d0ea11a71785512fd5 1 1 1266 0
f9ead3a61f9b848a547fcfafc5147d5c86baab45d8056aac84c48126b652645c 1 1 1226 0
e82b4395ae293335c457d3bc4577e580e02038fc749cbfe966fae0dd4f422dbd 1 1 2145 0
7144b75a010d2f3da69e1547f254e18343d5f8648bebf07cf01e713fd02533b5 1 1 1923 0
3d6b792a8624e936cad083586f70ad6ea838088f53221877e793e9d354ffa88d 7 7 2739 98
d96d38180d6cf954e133f20b58e86af7aa4e6dc2ebc04c53e3c84ec6840651e0 11 11 8539 456
fd34334ab789705d703e6062bf9c665eb34924d5a992d7c1180d4499f876b5e8 8 8 7354 7
e5bc2c50071d6ffabb323a32a0e9785b1ace20932e2fffa2b63c5497b3298400 22 22 5538 154
d2dee7f7766206201a4ce843d5dbc66853a1817735a3d4b39a5e6a35eb15a956 389 2 97 75
baf2bd1f7c5bd823485734b602ef0de56e8d2a155dab13ea4f5f5abfbc745147 356 0 0 0
f8e143fe57d9890212b55af000b14e5f454f7d933afc02224e710177d7295161 196 0 0 0
52608be41b0fa0c1dc76cb7576266edb6c868368cf3023064213e2fb67bcdb3d 11 0 0 0
d63cb0d7985076e50333efe5decfccdfd01bcc4482312e6cd74529d4a5849edc 416 0 0 0
eb394e6f752903e03b19ef6168e6247c533d82fa22f5ae9884b7a9294df402ca 9 3 1085 1321
f3f6d2199e8314db1b5795a104c440c2f27b9fb7606ec6ff80cd4b142fd2b05b 2 2 3002 9
